Iteracja,Czasy ozekiwania
0,2,
1,32,2,33,5,35,10,37,12,39,42,44,45,46,47,50,52,54,56,58,59,
2,32,5,10,11,16,
3,92,32,93,95,98,101,104,107,108,111,114,116,117,
4,2,32,7,34,36,41,16,17,20,25,
5,152,32,153,37,156,41,158,44,160,15,162,165,168,170,173,176,179,
6,32,32,7,36,41,
7,212,32,215,37,217,42,219,46,222,223,226,229,231,233,236,238,
8,32,2,34,8,9,13,
9,272,32,275,33,278,38,280,39,282,283,285,288,289,292,294,297,298,
10,32,32,37,36,40,41,15,
11,332,2,334,3,336,338,339,340,341,343,346,349,350,351,354,355,358,
12,32,2,37,7,12,12,15,14,19,24,
13,392,32,395,34,396,37,399,12,401,13,402,14,403,404,406,409,410,413,415,418,
14,32,32,35,37,6,8,9,
15,452,32,455,33,457,37,458,11,460,13,463,14,406,19,409,411,385,388,
16,32,2,6,5,11,14,19,
17,422,32,426,6,401,8,403,12,405,13,348,349,321,263,265,
