iteracja,inne
0,2,2,3,4,4,5,7,7,10,9,11,11,12,14,15,16,18,18,21,20,22,22,25,24,26,26,29,29,30,31,
1,32,3,34,37,40,42,44,45,47,49,52,54,55,58,60,
2,63,63,66,66,69,69,72,71,74,73,76,75,77,76,80,78,82,80,84,83,87,86,88,88,90,89,
3,92,34,95,38,97,40,98,12,100,13,101,14,75,19,16,17,21,23,
4,123,123,124,125,127,128,129,130,132,132,135,134,137,137,139,138,141,140,142,141,145,142,146,145,149,148,152,149,
5,35,33,40,35,43,39,48,12,16,21,22,
6,183,183,186,184,189,186,190,189,192,192,193,195,195,198,197,199,200,201,203,203,205,204,206,207,209,208,210,211,
7,33,31,5,35,6,8,11,9,13,14,
8,241,243,244,245,246,248,248,249,249,251,250,253,252,255,254,258,255,259,256,260,259,261,260,264,263,266,265,267,267,269,270,272,
9,32,4,3,9,4,12,9,10,
10,302,303,303,304,304,305,307,307,309,309,310,311,311,313,312,316,314,317,317,318,320,321,322,322,325,323,328,325,329,326,330,327,
11,32,32,35,36,40,8,41,15,20,22,26,
12,363,363,364,364,367,366,369,367,370,370,372,371,374,374,376,376,377,378,379,381,382,384,384,386,387,360,
13,35,5,6,6,8,7,9,10,
14,421,392,423,363,424,368,427,312,430,314,431,319,432,294,435,298,437,269,439,270,
15,2,32,5,33,37,9,13,
16,481,272,484,277,485,279,488,280,491,222,494,226,497,230,498,201,500,203,475,206,417,178,390,179,
17,33,34,6,36,11,37,12,15,
18,391,214,396,186,401,190,402,194,373,197,314,170,226,173,228,144,203,147,204,121,
19,34,37,
20,213,151,216,96,220,40,224,42,195,13,138,14,143,15,115,119,120,
21,33,34,34,38,36,38,10,13,14,
22,151,34,122,5,127,10,130,135,80,84,58,59,63,
23,33,31,6,32,10,4,12,
24,95,32,69,33,41,37,44,11,45,48,23,28,31,
25,34,33,7,37,42,13,16,
26,31,32,36,37,10,41,14,12,17,17,
27,32,31,6,35,9,39,13,10,15,13,17,20,
28,35,35,38,12,13,16,20,
29,35,34,37,7,40,9,11,13,
30,1,32,3,37,8,11,13,12,
31,34,2,35,7,40,11,42,14,17,21,22,24,
32,34,33,38,42,
33,33,35,35,36,37,38,40,10,11,14,14,15,19,18,
34,2,31,5,3,10,
35,32,31,36,35,38,37,9,9,12,12,14,17,17,
36,2,32,35,38,40,12,15,18,
37,33,31,38,32,13,7,14,18,19,
38,33,33,38,35,8,9,13,18,
39,34,31,7,9,
40,31,32,4,37,8,42,9,16,13,20,22,27,
41,33,3,34,5,9,
42,34,33,35,38,38,9,9,11,16,
43,32,32,34,7,35,39,
44,31,31,34,34,35,37,36,12,14,
45,33,32,4,37,8,42,9,44,19,23,26,30,
46,34,4,36,7,10,
47,33,32,38,36,9,11,16,
48,35,31,38,35,10,38,11,10,16,
49,32,34,35,7,6,10,
50,33,2,38,7,9,
51,31,34,6,38,10,42,17,19,23,25,
52,31,4,35,40,43,16,21,
53,33,35,37,37,8,11,9,12,11,
54,32,35,35,39,36,13,37,12,
55,33,33,35,35,36,10,8,12,17,19,
56,34,35,38,37,10,8,11,13,13,16,17,17,
57,33,32,33,35,8,
58,32,32,5,37,9,38,39,14,18,20,
59,32,1,37,9,
60,35,32,37,37,42,41,45,43,16,14,18,22,25,
61,33,34,34,37,39,40,14,15,18,
62,35,5,40,8,12,9,14,16,18,
63,32,31,36,6,40,10,11,12,12,14,13,15,
64,31,31,34,33,7,6,7,11,15,
65,34,35,36,37,39,39,42,14,17,20,25,
66,31,33,33,34,37,9,13,15,20,
67,31,31,34,5,36,8,40,13,15,17,17,19,23,
68,31,31,5,4,8,8,12,9,
69,34,6,8,
70,2,33,7,34,10,38,11,40,14,15,17,
71,35,33,38,34,39,36,41,37,
72,33,31,35,34,38,38,12,40,16,12,17,18,21,
73,31,33,3,37,10,14,
74,1,35,4,38,9,39,
75,34,31,36,35,39,14,17,19,
76,3,3,7,8,
77,33,32,37,9,10,13,14,
78,34,36,41,14,
79,5,35,8,38,12,17,21,
80,2,3,
81,32,35,38,42,46,18,21,25,
82,31,32,35,5,
83,35,5,37,10,12,11,16,19,
84,5,31,10,6,15,7,17,
85,34,31,36,33,37,34,39,14,
86,35,35,37,36,42,38,10,
87,1,35,2,37,7,42,44,19,24,25,
88,4,33,36,41,12,16,
89,32,33,36,38,8,42,12,46,19,21,24,26,
90,33,31,36,36,9,11,10,15,11,16,
91,34,33,35,35,6,37,11,11,12,16,
92,32,3,36,7,10,10,15,
93,31,34,5,7,6,10,12,
94,5,
95,34,4,39,5,40,
96,31,32,5,3,8,
97,31,33,36,38,37,39,14,19,24,29,
98,34,31,37,32,38,36,13,38,13,17,
99,35,32,7,37,10,10,14,18,
